 0.13000 -3.29053
 0.13000 -2.96774
 0.16000 -2.80703
 0.18000 -2.69684
 0.18000 -2.61205
 0.19000 -2.54270
 0.19000 -2.48377
 0.19000 -2.43238
 0.20000 -2.38671
 0.21000 -2.34553
 0.21000 -2.30798
 0.22000 -2.27343
 0.22000 -2.24140
 0.22000 -2.21152
 0.24000 -2.18349
 0.24000 -2.15707
 0.24000 -2.13208
 0.24000 -2.10836
 0.24000 -2.08576
 0.24000 -2.06419
 0.25000 -2.04353
 0.25000 -2.02371
 0.25000 -2.00465
 0.25000 -1.98630
 0.25000 -1.96859
 0.25000 -1.95148
 0.26000 -1.93492
 0.26000 -1.91888
 0.26000 -1.90331
 0.27000 -1.88819
 0.27000 -1.87350
 0.27000 -1.85919
 0.28000 -1.84526
 0.28000 -1.83167
 0.28000 -1.81842
 0.28000 -1.80548
 0.28000 -1.79283
 0.29000 -1.78046
 0.29000 -1.76836
 0.29000 -1.75652
 0.30000 -1.74491
 0.30000 -1.73354
 0.30000 -1.72238
 0.31000 -1.71144
 0.31000 -1.70070
 0.31000 -1.69015
 0.31000 -1.67978
 0.32000 -1.66959
 0.32000 -1.65957
 0.32000 -1.64972
 0.32000 -1.64002
 0.33000 -1.63048
 0.33000 -1.62108
 0.33000 -1.61183
 0.33000 -1.60270
 0.33000 -1.59371
 0.33000 -1.58485
 0.34000 -1.57611
 0.34000 -1.56749
 0.34000 -1.55898
 0.34000 -1.55059
 0.34000 -1.54230
 0.34000 -1.53412
 0.35000 -1.52604
 0.35000 -1.51806
 0.35000 -1.51017
 0.35000 -1.50238
 0.36000 -1.49467
 0.36000 -1.48706
 0.36000 -1.47953
 0.36000 -1.47208
 0.36000 -1.46471
 0.36000 -1.45742
 0.37000 -1.45021
 0.37000 -1.44307
 0.37000 -1.43601
 0.38000 -1.42901
 0.38000 -1.42209
 0.38000 -1.41523
 0.38000 -1.40844
 0.38000 -1.40172
 0.38000 -1.39505
 0.38000 -1.38845
 0.38000 -1.38191
 0.39000 -1.37542
 0.39000 -1.36900
 0.39000 -1.36263
 0.39000 -1.35631
 0.39000 -1.35005
 0.39000 -1.34384
 0.39000 -1.33768
 0.39000 -1.33157
 0.39000 -1.32552
 0.39000 -1.31951
 0.40000 -1.31354
 0.40000 -1.30763
 0.40000 -1.30176
 0.40000 -1.29593
 0.40000 -1.29015
 0.40000 -1.28441
 0.40000 -1.27871
 0.40000 -1.27305
 0.40000 -1.26743
 0.41000 -1.26186
 0.41000 -1.25632
 0.41000 -1.25082
 0.41000 -1.24536
 0.41000 -1.23993
 0.42000 -1.23454
 0.42000 -1.22919
 0.42000 -1.22387
 0.42000 -1.21859
 0.42000 -1.21334
 0.42000 -1.20812
 0.42000 -1.20294
 0.42000 -1.19779
 0.43000 -1.19267
 0.43000 -1.18758
 0.43000 -1.18252
 0.43000 -1.17749
 0.43000 -1.17249
 0.43000 -1.16752
 0.43000 -1.16258
 0.43000 -1.15767
 0.43000 -1.15278
 0.43000 -1.14792
 0.44000 -1.14309
 0.44000 -1.13829
 0.44000 -1.13351
 0.44000 -1.12876
 0.44000 -1.12403
 0.44000 -1.11933
 0.44000 -1.11465
 0.44000 -1.11000
 0.44000 -1.10537
 0.45000 -1.10076
 0.45000 -1.09618
 0.45000 -1.09162
 0.45000 -1.08708
 0.45000 -1.08257
 0.45000 -1.07808
 0.45000 -1.07360
 0.45000 -1.06915
 0.45000 -1.06473
 0.46000 -1.06032
 0.46000 -1.05593
 0.46000 -1.05156
 0.46000 -1.04722
 0.46000 -1.04289
 0.46000 -1.03858
 0.47000 -1.03429
 0.47000 -1.03002
 0.47000 -1.02577
 0.47000 -1.02154
 0.47000 -1.01732
 0.47000 -1.01313
 0.47000 -1.00895
 0.48000 -1.00479
 0.48000 -1.00064
 0.48000 -0.99651
 0.48000 -0.99241
 0.48000 -0.98831
 0.48000 -0.98423
 0.48000 -0.98017
 0.48000 -0.97613
 0.48000 -0.97210
 0.48000 -0.96809
 0.49000 -0.96409
 0.49000 -0.96011
 0.49000 -0.95614
 0.49000 -0.95219
 0.49000 -0.94825
 0.49000 -0.94433
 0.49000 -0.94042
 0.49000 -0.93653
 0.49000 -0.93265
 0.49000 -0.92879
 0.49000 -0.92493
 0.49000 -0.92110
 0.50000 -0.91727
 0.50000 -0.91346
 0.50000 -0.90966
 0.50000 -0.90588
 0.50000 -0.90211
 0.50000 -0.89835
 0.50000 -0.89460
 0.50000 -0.89087
 0.50000 -0.88715
 0.50000 -0.88344
 0.50000 -0.87974
 0.50000 -0.87606
 0.51000 -0.87238
 0.51000 -0.86872
 0.51000 -0.86507
 0.51000 -0.86143
 0.51000 -0.85781
 0.51000 -0.85419
 0.52000 -0.85058
 0.52000 -0.84699
 0.52000 -0.84341
 0.52000 -0.83984
 0.52000 -0.83628
 0.53000 -0.83272
 0.53000 -0.82918
 0.54000 -0.82565
 0.54000 -0.82214
 0.54000 -0.81863
 0.54000 -0.81513
 0.54000 -0.81164
 0.54000 -0.80816
 0.54000 -0.80469
 0.55000 -0.80123
 0.55000 -0.79778
 0.55000 -0.79434
 0.55000 -0.79090
 0.55000 -0.78748
 0.55000 -0.78407
 0.55000 -0.78066
 0.55000 -0.77727
 0.55000 -0.77388
 0.55000 -0.77051
 0.56000 -0.76714
 0.56000 -0.76378
 0.57000 -0.76043
 0.57000 -0.75708
 0.57000 -0.75375
 0.58000 -0.75042
 0.58000 -0.74711
 0.58000 -0.74380
 0.59000 -0.74049
 0.59000 -0.73720
 0.59000 -0.73392
 0.59000 -0.73064
 0.59000 -0.72737
 0.59000 -0.72411
 0.59000 -0.72085
 0.59000 -0.71761
 0.60000 -0.71437
 0.60000 -0.71114
 0.60000 -0.70791
 0.60000 -0.70470
 0.60000 -0.70149
 0.60000 -0.69828
 0.60000 -0.69509
 0.60000 -0.69190
 0.61000 -0.68872
 0.61000 -0.68555
 0.61000 -0.68238
 0.61000 -0.67922
 0.61000 -0.67606
 0.61000 -0.67292
 0.61000 -0.66978
 0.61000 -0.66664
 0.62000 -0.66352
 0.62000 -0.66040
 0.62000 -0.65728
 0.62000 -0.65417
 0.62000 -0.65107
 0.62000 -0.64798
 0.62000 -0.64489
 0.62000 -0.64180
 0.62000 -0.63873
 0.62000 -0.63566
 0.62000 -0.63259
 0.62000 -0.62953
 0.63000 -0.62648
 0.63000 -0.62343
 0.63000 -0.62039
 0.63000 -0.61736
 0.63000 -0.61433
 0.63000 -0.61130
 0.63000 -0.60828
 0.64000 -0.60527
 0.64000 -0.60226
 0.64000 -0.59926
 0.64000 -0.59626
 0.64000 -0.59327
 0.64000 -0.59028
 0.65000 -0.58730
 0.65000 -0.58433
 0.65000 -0.58136
 0.65000 -0.57839
 0.66000 -0.57543
 0.66000 -0.57248
 0.66000 -0.56952
 0.66000 -0.56658
 0.66000 -0.56364
 0.66000 -0.56070
 0.66000 -0.55777
 0.66000 -0.55485
 0.66000 -0.55192
 0.67000 -0.54901
 0.67000 -0.54610
 0.67000 -0.54319
 0.67000 -0.54029
 0.67000 -0.53739
 0.67000 -0.53449
 0.67000 -0.53160
 0.67000 -0.52872
 0.67000 -0.52584
 0.67000 -0.52296
 0.67000 -0.52009
 0.68000 -0.51722
 0.68000 -0.51436
 0.68000 -0.51150
 0.68000 -0.50865
 0.68000 -0.50580
 0.68000 -0.50295
 0.68000 -0.50011
 0.68000 -0.49727
 0.68000 -0.49443
 0.68000 -0.49160
 0.68000 -0.48878
 0.69000 -0.48595
 0.69000 -0.48313
 0.69000 -0.48032
 0.69000 -0.47751
 0.69000 -0.47470
 0.69000 -0.47190
 0.69000 -0.46910
 0.69000 -0.46630
 0.69000 -0.46351
 0.70000 -0.46072
 0.70000 -0.45793
 0.70000 -0.45515
 0.70000 -0.45237
 0.70000 -0.44960
 0.70000 -0.44683
 0.70000 -0.44406
 0.70000 -0.44129
 0.70000 -0.43853
 0.71000 -0.43577
 0.71000 -0.43302
 0.71000 -0.43027
 0.71000 -0.42752
 0.71000 -0.42478
 0.71000 -0.42203
 0.71000 -0.41930
 0.71000 -0.41656
 0.72000 -0.41383
 0.72000 -0.41110
 0.72000 -0.40837
 0.72000 -0.40565
 0.72000 -0.40293
 0.72000 -0.40021
 0.72000 -0.39750
 0.73000 -0.39479
 0.73000 -0.39208
 0.73000 -0.38937
 0.73000 -0.38667
 0.73000 -0.38397
 0.73000 -0.38127
 0.73000 -0.37858
 0.73000 -0.37589
 0.74000 -0.37320
 0.74000 -0.37051
 0.74000 -0.36783
 0.74000 -0.36515
 0.74000 -0.36247
 0.74000 -0.35980
 0.74000 -0.35712
 0.74000 -0.35445
 0.74000 -0.35178
 0.74000 -0.34912
 0.75000 -0.34646
 0.75000 -0.34380
 0.75000 -0.34114
 0.75000 -0.33848
 0.75000 -0.33583
 0.76000 -0.33318
 0.76000 -0.33053
 0.76000 -0.32788
 0.76000 -0.32524
 0.76000 -0.32260
 0.76000 -0.31996
 0.76000 -0.31732
 0.77000 -0.31469
 0.77000 -0.31205
 0.77000 -0.30942
 0.77000 -0.30679
 0.77000 -0.30417
 0.77000 -0.30154
 0.77000 -0.29892
 0.77000 -0.29630
 0.77000 -0.29368
 0.78000 -0.29107
 0.78000 -0.28845
 0.78000 -0.28584
 0.78000 -0.28323
 0.78000 -0.28062
 0.79000 -0.27802
 0.79000 -0.27541
 0.79000 -0.27281
 0.79000 -0.27021
 0.79000 -0.26761
 0.79000 -0.26501
 0.80000 -0.26242
 0.80000 -0.25982
 0.80000 -0.25723
 0.80000 -0.25464
 0.80000 -0.25205
 0.80000 -0.24947
 0.80000 -0.24688
 0.81000 -0.24430
 0.81000 -0.24172
 0.81000 -0.23914
 0.81000 -0.23656
 0.81000 -0.23398
 0.81000 -0.23141
 0.81000 -0.22883
 0.81000 -0.22626
 0.81000 -0.22369
 0.81000 -0.22112
 0.82000 -0.21855
 0.82000 -0.21598
 0.82000 -0.21342
 0.82000 -0.21086
 0.82000 -0.20829
 0.82000 -0.20573
 0.82000 -0.20317
 0.82000 -0.20061
 0.82000 -0.19806
 0.83000 -0.19550
 0.83000 -0.19295
 0.83000 -0.19039
 0.83000 -0.18784
 0.83000 -0.18529
 0.83000 -0.18274
 0.84000 -0.18019
 0.84000 -0.17765
 0.84000 -0.17510
 0.84000 -0.17256
 0.84000 -0.17001
 0.85000 -0.16747
 0.85000 -0.16493
 0.85000 -0.16239
 0.85000 -0.15985
 0.85000 -0.15731
 0.85000 -0.15477
 0.86000 -0.15224
 0.86000 -0.14970
 0.86000 -0.14717
 0.86000 -0.14463
 0.86000 -0.14210
 0.86000 -0.13957
 0.86000 -0.13704
 0.87000 -0.13451
 0.87000 -0.13198
 0.87000 -0.12945
 0.87000 -0.12692
 0.87000 -0.12440
 0.88000 -0.12187
 0.88000 -0.11935
 0.88000 -0.11682
 0.88000 -0.11430
 0.88000 -0.11178
 0.88000 -0.10926
 0.88000 -0.10673
 0.88000 -0.10421
 0.89000 -0.10169
 0.89000 -0.09917
 0.89000 -0.09666
 0.89000 -0.09414
 0.89000 -0.09162
 0.89000 -0.08910
 0.90000 -0.08659
 0.90000 -0.08407
 0.90000 -0.08156
 0.90000 -0.07904
 0.90000 -0.07653
 0.90000 -0.07401
 0.90000 -0.07150
 0.90000 -0.06899
 0.90000 -0.06647
 0.91000 -0.06396
 0.91000 -0.06145
 0.91000 -0.05894
 0.91000 -0.05643
 0.91000 -0.05392
 0.91000 -0.05141
 0.91000 -0.04890
 0.91000 -0.04639
 0.91000 -0.04388
 0.91000 -0.04137
 0.91000 -0.03886
 0.91000 -0.03635
 0.91000 -0.03385
 0.92000 -0.03134
 0.92000 -0.02883
 0.92000 -0.02632
 0.92000 -0.02382
 0.92000 -0.02131
 0.92000 -0.01880
 0.92000 -0.01629
 0.92000 -0.01379
 0.92000 -0.01128
 0.93000 -0.00877
 0.93000 -0.00627
 0.93000 -0.00376
 0.93000 -0.00125
 0.93000 0.00125
 0.93000 0.00376
 0.93000 0.00627
 0.94000 0.00877
 0.94000 0.01128
 0.94000 0.01379
 0.94000 0.01629
 0.94000 0.01880
 0.94000 0.02131
 0.94000 0.02382
 0.94000 0.02632
 0.95000 0.02883
 0.95000 0.03134
 0.95000 0.03385
 0.95000 0.03635
 0.95000 0.03886
 0.95000 0.04137
 0.95000 0.04388
 0.96000 0.04639
 0.96000 0.04890
 0.97000 0.05141
 0.97000 0.05392
 0.97000 0.05643
 0.97000 0.05894
 0.97000 0.06145
 0.97000 0.06396
 0.98000 0.06647
 0.98000 0.06899
 0.98000 0.07150
 0.98000 0.07401
 0.98000 0.07653
 0.98000 0.07904
 0.98000 0.08156
 0.99000 0.08407
 0.99000 0.08659
 0.99000 0.08910
 0.99000 0.09162
 0.99000 0.09414
 0.99000 0.09666
 1.00000 0.09917
 1.00000 0.10169
 1.00000 0.10421
 1.00000 0.10673
 1.00000 0.10926
 1.01000 0.11178
 1.01000 0.11430
 1.01000 0.11682
 1.01000 0.11935
 1.01000 0.12187
 1.01000 0.12440
 1.01000 0.12692
 1.02000 0.12945
 1.02000 0.13198
 1.02000 0.13451
 1.02000 0.13704
 1.02000 0.13957
 1.02000 0.14210
 1.02000 0.14463
 1.02000 0.14717
 1.02000 0.14970
 1.02000 0.15224
 1.03000 0.15477
 1.03000 0.15731
 1.03000 0.15985
 1.03000 0.16239
 1.03000 0.16493
 1.03000 0.16747
 1.03000 0.17001
 1.03000 0.17256
 1.03000 0.17510
 1.03000 0.17765
 1.03000 0.18019
 1.04000 0.18274
 1.04000 0.18529
 1.04000 0.18784
 1.04000 0.19039
 1.04000 0.19295
 1.04000 0.19550
 1.04000 0.19806
 1.04000 0.20061
 1.04000 0.20317
 1.05000 0.20573
 1.05000 0.20829
 1.05000 0.21086
 1.05000 0.21342
 1.05000 0.21598
 1.06000 0.21855
 1.06000 0.22112
 1.06000 0.22369
 1.06000 0.22626
 1.06000 0.22883
 1.06000 0.23141
 1.06000 0.23398
 1.07000 0.23656
 1.07000 0.23914
 1.07000 0.24172
 1.07000 0.24430
 1.07000 0.24688
 1.07000 0.24947
 1.07000 0.25205
 1.07000 0.25464
 1.07000 0.25723
 1.08000 0.25982
 1.08000 0.26242
 1.08000 0.26501
 1.08000 0.26761
 1.08000 0.27021
 1.08000 0.27281
 1.08000 0.27541
 1.09000 0.27802
 1.09000 0.28062
 1.09000 0.28323
 1.09000 0.28584
 1.09000 0.28845
 1.09000 0.29107
 1.09000 0.29368
 1.09000 0.29630
 1.09000 0.29892
 1.09000 0.30154
 1.10000 0.30417
 1.10000 0.30679
 1.10000 0.30942
 1.11000 0.31205
 1.11000 0.31469
 1.11000 0.31732
 1.12000 0.31996
 1.12000 0.32260
 1.13000 0.32524
 1.13000 0.32788
 1.13000 0.33053
 1.13000 0.33318
 1.13000 0.33583
 1.14000 0.33848
 1.14000 0.34114
 1.14000 0.34380
 1.14000 0.34646
 1.14000 0.34912
 1.14000 0.35178
 1.14000 0.35445
 1.14000 0.35712
 1.15000 0.35980
 1.15000 0.36247
 1.15000 0.36515
 1.15000 0.36783
 1.15000 0.37051
 1.15000 0.37320
 1.15000 0.37589
 1.15000 0.37858
 1.15000 0.38127
 1.16000 0.38397
 1.16000 0.38667
 1.16000 0.38937
 1.16000 0.39208
 1.16000 0.39479
 1.16000 0.39750
 1.16000 0.40021
 1.16000 0.40293
 1.16000 0.40565
 1.17000 0.40837
 1.17000 0.41110
 1.17000 0.41383
 1.17000 0.41656
 1.17000 0.41930
 1.18000 0.42203
 1.18000 0.42478
 1.18000 0.42752
 1.18000 0.43027
 1.18000 0.43302
 1.18000 0.43577
 1.18000 0.43853
 1.19000 0.44129
 1.20000 0.44406
 1.20000 0.44683
 1.20000 0.44960
 1.21000 0.45237
 1.21000 0.45515
 1.21000 0.45793
 1.21000 0.46072
 1.21000 0.46351
 1.21000 0.46630
 1.21000 0.46910
 1.22000 0.47190
 1.22000 0.47470
 1.22000 0.47751
 1.22000 0.48032
 1.22000 0.48313
 1.22000 0.48595
 1.22000 0.48878
 1.22000 0.49160
 1.22000 0.49443
 1.22000 0.49727
 1.22000 0.50011
 1.23000 0.50295
 1.23000 0.50580
 1.23000 0.50865
 1.23000 0.51150
 1.24000 0.51436
 1.24000 0.51722
 1.24000 0.52009
 1.24000 0.52296
 1.24000 0.52584
 1.25000 0.52872
 1.25000 0.53160
 1.25000 0.53449
 1.25000 0.53739
 1.25000 0.54029
 1.25000 0.54319
 1.25000 0.54610
 1.26000 0.54901
 1.26000 0.55192
 1.26000 0.55485
 1.26000 0.55777
 1.26000 0.56070
 1.26000 0.56364
 1.26000 0.56658
 1.27000 0.56952
 1.27000 0.57248
 1.27000 0.57543
 1.27000 0.57839
 1.28000 0.58136
 1.28000 0.58433
 1.28000 0.58730
 1.28000 0.59028
 1.28000 0.59327
 1.28000 0.59626
 1.28000 0.59926
 1.28000 0.60226
 1.29000 0.60527
 1.29000 0.60828
 1.29000 0.61130
 1.29000 0.61433
 1.29000 0.61736
 1.29000 0.62039
 1.30000 0.62343
 1.30000 0.62648
 1.30000 0.62953
 1.30000 0.63259
 1.30000 0.63566
 1.30000 0.63873
 1.31000 0.64180
 1.31000 0.64489
 1.31000 0.64798
 1.31000 0.65107
 1.31000 0.65417
 1.31000 0.65728
 1.31000 0.66040
 1.32000 0.66352
 1.32000 0.66664
 1.32000 0.66978
 1.32000 0.67292
 1.32000 0.67606
 1.32000 0.67922
 1.32000 0.68238
 1.32000 0.68555
 1.32000 0.68872
 1.33000 0.69190
 1.33000 0.69509
 1.33000 0.69828
 1.33000 0.70149
 1.33000 0.70470
 1.33000 0.70791
 1.33000 0.71114
 1.33000 0.71437
 1.34000 0.71761
 1.34000 0.72085
 1.34000 0.72411
 1.34000 0.72737
 1.34000 0.73064
 1.35000 0.73392
 1.35000 0.73720
 1.35000 0.74049
 1.35000 0.74380
 1.35000 0.74711
 1.36000 0.75042
 1.36000 0.75375
 1.36000 0.75708
 1.36000 0.76043
 1.37000 0.76378
 1.37000 0.76714
 1.37000 0.77051
 1.37000 0.77388
 1.37000 0.77727
 1.37000 0.78066
 1.38000 0.78407
 1.38000 0.78748
 1.38000 0.79090
 1.38000 0.79434
 1.38000 0.79778
 1.38000 0.80123
 1.39000 0.80469
 1.39000 0.80816
 1.39000 0.81164
 1.40000 0.81513
 1.40000 0.81863
 1.40000 0.82214
 1.41000 0.82565
 1.41000 0.82918
 1.41000 0.83272
 1.41000 0.83628
 1.41000 0.83984
 1.41000 0.84341
 1.41000 0.84699
 1.41000 0.85058
 1.42000 0.85419
 1.42000 0.85781
 1.42000 0.86143
 1.42000 0.86507
 1.43000 0.86872
 1.43000 0.87238
 1.43000 0.87606
 1.43000 0.87974
 1.43000 0.88344
 1.44000 0.88715
 1.44000 0.89087
 1.44000 0.89460
 1.44000 0.89835
 1.44000 0.90211
 1.45000 0.90588
 1.45000 0.90966
 1.45000 0.91346
 1.46000 0.91727
 1.46000 0.92110
 1.46000 0.92493
 1.47000 0.92879
 1.47000 0.93265
 1.47000 0.93653
 1.47000 0.94042
 1.48000 0.94433
 1.49000 0.94825
 1.49000 0.95219
 1.49000 0.95614
 1.50000 0.96011
 1.50000 0.96409
 1.50000 0.96809
 1.50000 0.97210
 1.50000 0.97613
 1.50000 0.98017
 1.50000 0.98423
 1.50000 0.98831
 1.50000 0.99241
 1.51000 0.99651
 1.51000 1.00064
 1.52000 1.00479
 1.52000 1.00895
 1.52000 1.01313
 1.52000 1.01732
 1.53000 1.02154
 1.53000 1.02577
 1.53000 1.03002
 1.54000 1.03429
 1.54000 1.03858
 1.54000 1.04289
 1.54000 1.04722
 1.54000 1.05156
 1.54000 1.05593
 1.54000 1.06032
 1.55000 1.06473
 1.55000 1.06915
 1.55000 1.07360
 1.56000 1.07808
 1.56000 1.08257
 1.56000 1.08708
 1.57000 1.09162
 1.57000 1.09618
 1.57000 1.10076
 1.57000 1.10537
 1.58000 1.11000
 1.58000 1.11465
 1.58000 1.11933
 1.58000 1.12403
 1.58000 1.12876
 1.59000 1.13351
 1.59000 1.13829
 1.59000 1.14309
 1.60000 1.14792
 1.60000 1.15278
 1.60000 1.15767
 1.60000 1.16258
 1.61000 1.16752
 1.61000 1.17249
 1.61000 1.17749
 1.62000 1.18252
 1.62000 1.18758
 1.62000 1.19267
 1.62000 1.19779
 1.62000 1.20294
 1.63000 1.20812
 1.63000 1.21334
 1.63000 1.21859
 1.63000 1.22387
 1.64000 1.22919
 1.64000 1.23454
 1.64000 1.23993
 1.65000 1.24536
 1.65000 1.25082
 1.65000 1.25632
 1.65000 1.26186
 1.66000 1.26743
 1.67000 1.27305
 1.68000 1.27871
 1.69000 1.28441
 1.69000 1.29015
 1.69000 1.29593
 1.70000 1.30176
 1.70000 1.30763
 1.71000 1.31354
 1.73000 1.31951
 1.73000 1.32552
 1.74000 1.33157
 1.76000 1.33768
 1.77000 1.34384
 1.77000 1.35005
 1.78000 1.35631
 1.79000 1.36263
 1.79000 1.36900
 1.79000 1.37542
 1.80000 1.38191
 1.80000 1.38845
 1.80000 1.39505
 1.81000 1.40172
 1.81000 1.40844
 1.82000 1.41523
 1.82000 1.42209
 1.83000 1.42901
 1.84000 1.43601
 1.84000 1.44307
 1.84000 1.45021
 1.85000 1.45742
 1.86000 1.46471
 1.86000 1.47208
 1.86000 1.47953
 1.87000 1.48706
 1.87000 1.49467
 1.88000 1.50238
 1.89000 1.51017
 1.89000 1.51806
 1.89000 1.52604
 1.89000 1.53412
 1.90000 1.54230
 1.92000 1.55059
 1.92000 1.55898
 1.93000 1.56749
 1.93000 1.57611
 1.94000 1.58485
 1.95000 1.59371
 1.96000 1.60270
 1.96000 1.61183
 1.97000 1.62108
 1.98000 1.63048
 2.00000 1.64002
 2.02000 1.64972
 2.04000 1.65957
 2.04000 1.66959
 2.04000 1.67978
 2.05000 1.69015
 2.06000 1.70070
 2.07000 1.71144
 2.08000 1.72238
 2.09000 1.73354
 2.09000 1.74491
 2.11000 1.75652
 2.13000 1.76836
 2.14000 1.78046
 2.15000 1.79283
 2.20000 1.80548
 2.20000 1.81842
 2.20000 1.83167
 2.20000 1.84526
 2.21000 1.85919
 2.21000 1.87350
 2.27000 1.88819
 2.29000 1.90331
 2.32000 1.91888
 2.33000 1.93492
 2.33000 1.95148
 2.37000 1.96859
 2.39000 1.98630
 2.41000 2.00465
 2.42000 2.02371
 2.44000 2.04353
 2.50000 2.06419
 2.51000 2.08576
 2.57000 2.10836
 2.58000 2.13208
 2.62000 2.15707
 2.63000 2.18349
 2.65000 2.21152
 2.69000 2.24140
 2.69000 2.27343
 2.70000 2.30798
 2.77000 2.34553
 2.81000 2.38671
 2.91000 2.43238
 3.00000 2.48377
 3.65000 2.54270
 3.86000 2.61205
 3.89000 2.69684
 5.29000 2.80703
 5.68000 2.96774
 7.24000 3.2905
